Webots Project File version R2021b
perspectives: 000000ff00000000fd00000003000000000000006900000318fc0100000001fb0000001e00480074006d006c0052006f0062006f007400570069006e0064006f00770000000000000000690000000000000000000000010000012b000002bbfc0200000001fb0000001400540065007800740045006400690074006f00720100000016000002bb0000003f00ffffff00000003000005f80000005bfc0100000001fb0000001a0043006f006e0073006f006c00650041006c006c0041006c006c0100000000000005f80000006900ffffff000004cb000002bb00000001000000020000000100000008fc00000000
simulationViewPerspectives: 000000ff000000010000000200000220000004310100000002010000000100
sceneTreePerspectives: 000000ff0000000100000002000000c0000000fc0100000002010000000200
maximizedDockId: -1
centralWidgetVisible: 1
orthographicViewHeight: 1
textFiles: -1
consoles: Console:All:All
renderingDevicePerspectives: SurveyorSrv1:camera;1;1.36875;0.0367107;0.00593472
